3 1 1 9 1
6 4 2 1 5
4 9 1 8 3
7 7 4 1 1
2 6 1 6 4
 
3
1
1
9
1


mpiexec -n 5 python IllaisacaTenecota_Pedro_Examen.py '[[ 3.0, 1.0, 1.0, 9.0, 1.0],[ 6.0, 4.0, 2.0, 1.0, 5.0],[ 4.0, 9.0, 1.0, 8.0, 3.0],[ 7.0, 7.0, 4.0, 1.0, 1.0],[ 2.0, 6.0, 1.0, 6.0, 4.0]]' '[3.0,1.0,1.0,9.0,1.0]'

=========================================================================================================================================================================================================================
10	13	15	15	9	5
14	10	11	16	12	9
14	16	9	15	14	3
11	14	14	15	16	6
12	13	12	12	9	7
15	9	10	12	14	9



11
16
11
16
11
9

mpiexec -n 6 python IllaisacaTenecota_Pedro_Examen.py '[[10,13,15,15,9,5],[14,10,11,16,12,9],[14,16,9,15,14,3],[11,14,14,15,16,6],[12,13,12,12,9,7],[15,9,10,12,14,9]]' '[11,16,11,16,11,9]'